$GPGSV,4,2,13,18,42,095,48,19,13,276,45,21,17,160,37,22,70,042,45*7C
$GPGSV,4,3,13,24,13,040,40,25,13,119,36,27,09,242,41,31,28,196,34*7D
$GPGSV,4,4,13,32,07,301,,,,,,,,,,,,,*4F
$GLGSV,3,1,12,74,56,127,37,73,37,047,29,75,18,178,28,65,09,302,29*63
$GLGSV,3,2,12,77,23,181,,87,27,263,,70,01,097,22,86,09,210,25*68
$GLGSV,3,3,12,88,16,314,27,87,27,262,35,71,38,062,27,72,45,348,30*6C
$GPRMC,172743.000,A,3146.7581,N,09542.9878,W,0.1,0.0,060314,0.0,W*62
$GPGGA,172743.000,3146.75812,N,09542.98777,W,1,22,0.5,125.75,M,-24.0,M,,*55
$GNGSA,A,3,25,27,19,22,03,31,24,14,21,18,11,12,1.0,0.5,0.8*21
$GNGSA,A,3,,,,,,,,,,,,,1.0,0.5,0.8*20
$GNGSA,A,3,74,70,73,71,87,72,86,88,75,65,,,1.0,0.5,0.8*23
$GPGSV,4,1,13,03,03,255,30,11,13,313,39,12,11,083,41,14,67,330,43*78
$GPGSV,4,2,13,18,42,096,49,19,13,275,44,21,16,160,37,22,70,043,46*7F
$GPGSV,4,3,13,24,13,039,39,25,13,119,36,27,09,242,41,31,28,196,35*7C
$GPGSV,4,4,13,32,07,301,,,,,,,,,,,,,*4F
$GLGSV,3,1,12,74,56,127,38,73,37,047,31,75,18,178,25,65,09,302,29*68
$GLGSV,3,2,12,77,23,181,,87,27,263,,70,01,097,24,86,09,210,25*6E
$GLGSV,3,3,12,88,16,314,27,87,26,262,35,71,38,062,29,72,45,348,32*61
$GPRMC,172756.000,A,3146.7581,N,09542.9878,W,0.1,0.0,060314,0.0,W*66
$GPGGA,172756.000,3146.75812,N,09542.98777,W,1,22,0.5,125.75,M,-24.0,M,,*51
$GNGSA,A,3,25,27,19,22,03,31,24,14,21,18,11,12,1.0,0.5,0.8*21
$GNGSA,A,3,,,,,,,,,,,,,1.0,0.5,0.8*20
$GNGSA,A,3,74,70,73,71,87,72,86,88,75,65,,,1.0,0.5,0.8*23
$GPGSV,4,1,13,03,03,255,29,11,13,313,39,12,11,083,41,14,67,330,42*71
$GPGSV,4,2,13,18,42,096,48,19,13,275,43,21,16,160,36,22,70,043,46*78
$GPGSV,4,3,13,24,13,039,40,25,13,119,37,27,09,242,41,31,28,196,38*7E
$GPGSV,4,4,13,32,07,301,,,,,,,,,,,,,*4F
$GLGSV,3,1,12,74,56,126,38,73,37,047,32,75,18,178,23,65,09,302,29*6C
$GLGSV,3,2,12,77,23,181,,87,27,263,,70,01,097,27,86,09,210,25*6D
$GLGSV,3,3,12,88,16,314,29,87,26,262,34,71,38,063,30,72,45,348,32*67
$GPRMC,172809.000,A,3146.7581,N,09542.9878,W,0.1,0.0,060314,0.0,W*63
$GPGGA,172809.000,3146.75812,N,09542.98777,W,1,22,0.5,125.75,M,-24.0,M,,*54
$GNGSA,A,3,25,27,19,22,03,31,24,14,21,18,11,12,1.0,0.5,0.8*21
$GNGSA,A,3,,,,,,,,,,,,,1.0,0.5,0.8*20
$GNGSA,A,3,74,70,73,71,87,72,86,88,75,65,,,1.0,0.5,0.8*23
$GPGSV,4,1,13,03,02,254,33,11,13,313,39,12,11,083,42,14,67,330,43*78
$GPGSV,4,2,13,18,42,096,48,19,13,275,42,21,16,160,36,22,70,043,46*79
$GPGSV,4,3,13,24,13,039,39,25,13,119,37,27,09,242,40,3
