19,20,041,22,26,23,308,26,28,49,313,23,30,77,348,25*73
$GLGSV,3,1,10,74,46,347,,73,55,079,,75,02,318,,65,01,314,*63
$GLGSV,3,2,10,84,72,187,,83,48,033,,85,22,204,,80,13,118,*6C
$GLGSV,3,3,10,85,22,204,,72,02,267,,,,,,,,,*6B
$GPRMC,174430.000,A,3146.7856,N,09543.0307,W,0.2,0.0,230714,0.0,W*6F
$GPGGA,174430.000,3146.78557,N,09543.03074,W,1,11,0.8,110.32,M,-24.0,M,,*5A
$GNGSA,A,3,08,30,28,13,03,19,07,11,26,17,01,,1.4,0.8,1.1*2D
$GNGSA,A,3,,,,,,,,,,,,,1.4,0.8,1.1*21
$GPGSV,3,1,12,01,37,116,21,03,12,047,18,04,07,184,,07,66,120,20*7A
$GPGSV,3,2,12,08,78,055,19,11,47,084,16,13,11,176,25,17,34,224,29*77
$GPGSV,3,3,12,19,20,041,23,26,23,308,28,28,49,313,23,30,77,348,26*7F
$GLGSV,3,1,10,74,46,347,,73,55,079,,75,02,318,,65,01,314,*63
$GLGSV,3,2,10,84,72,187,,83,48,033,,85,22,204,,80,13,118,*6C
$GLGSV,3,3,10,85,22,204,,72,02,267,,,,,,,,,*6B
$GPRMC,174440.000,A,3146.7856,N,09543.0307,W,0.1,0.0,230714,0.0,W*6B
$GPGGA,174440.000,3146.78557,N,09543.03074,W,1,11,0.8,110.32,M,-24.0,M,,*5D